   41.821296195976132        8.0485122055352960        200.00000000000000     
   51.114917572859717        8.0485122055352960        200.00000000000000     
   60.408538949743303        8.0485122055352960        200.00000000000000     
   69.702160326626881        8.0485122055352960        200.00000000000000     
   78.995781703510460        8.0485122055352960        200.00000000000000     
   88.289403080394038        8.0485122055352960        200.00000000000000     
   97.583024457277617        8.0485122055352960        200.00000000000000     
   37.174485507534335        16.097024411070592        200.00000000000000     
   46.468106884417921        16.097024411070592        200.00000000000000     
   55.761728261301506        16.097024411070592        200.00000000000000     
   65.055349638185092        16.097024411070592        200.00000000000000     
   74.348971015068670        16.097024411070592        200.00000000000000     
   83.642592391952249        16.097024411070592        200.00000000000000     
   92.936213768835827        16.097024411070592        200.00000000000000     
   32.527674819092546        24.145536616605888        200.00000000000000     
   41.821296195976132        24.145536616605888        200.00000000000000     
   51.114917572859717        24.145536616605888        200.00000000000000     
   60.408538949743303        24.145536616605888        200.00000000000000     
   69.702160326626881        24.145536616605888        200.00000000000000     
   78.995781703510460        24.145536616605888        200.00000000000000     
   88.289403080394038        24.145536616605888        200.00000000000000     
   97.583024457277617        24.145536616605888        200.00000000000000     
   27.880864130650750        32.194048822141184        200.00000000000000     
   37.174485507534335        32.194048822141184        200.00000000000000     
   46.468106884417921        32.194048822141184        200.00000000000000     
   55.761728261301506        32.194048822141184        200.00000000000000     
   65.055349638185092        32.194048822141184        200.00000000000000     
   74.348971015068670        32.194048822141184        200.00000000000000     
   83.642592391952249        32.194048822141184        200.00000000000000     
   92.936213768835827        32.194048822141184        200.00000000000000     
   4.6468106884417919        40.242561027676480        200.00000000000000     
   13.940432065325375        40.242561027676480        200.00000000000000     
   23.234053442208960        40.242561027676480        200.00000000000000     
   32.527674819092546        40.242561027676480        200.00000000000000     
   41.821296195976132        40.242561027676480        200.00000000000000     
   51.114917572859717        40.242561027676480        200.00000000000000     
   60.408538949743303        40.242561027676480        200.00000000000000     
   69.702160326626881        40.242561027676480        200.00000000000000     
   78.995781703510460        40.242561027676480        200.00000000000000     
   88.289403080394038        40.242561027676480        200.00000000000000     
   97.583024457277617        40.242561027676480        200.00000000000000     
   0.0000000000000000        48.291073233211776        200.00000000000000     
   9.2936213768835838        48.291073233211776        200.00000000000000     
   18.587242753767168        48.291073233211776        200.00000000000000     
   27.880864130650750        48.291073233211776        200.00000000000000     
   37.174485507534335        48.291073233211776        200.00000000000000     
   46.468106884417921        48.291073233211776        200.00000000000000     
   55.761728261301506        48.291073233211776        200.00000000000000     
   65.055349638185092        48.291073233211776        200.00000000000000     
   74.348971015068670        48.291073233211776        200.00000000000000     
   83.642592391952249        48.291073233211776        200.00000000000000     
   92.936213768835827        48.291073233211776        200.00000000000000     
   4.6468106884417919        56.339585438747072        200.00000000000000     
   13.940432065325375        56.339585438747072        200.00000000000000     
   23.234053442208960        56.339585438747072        200.00000000000000     
   32.527674819092546        56.339585438747072        200.00000000000000     
   41.821296195976132        56.339585438747072        200.00000000000000     
   51.114917572859717        56.339585438747072        200.00000000000000     
   60.408538949743303        56.339585438747072        200.00000000000000     
   69.702160326626881        56.339585438747072        200.00000000000000     
   78.995781703510460        56.339585438747072        200.00000000000000     
   88.289403080394038        56.339585438747072        200.00000000000000     
   97.583024457277617        56.339585438747072        200.00000000000000     
   0.0000000000000000        64.388097644282368        200.00000000000000     
   9.2936213768835838        64.388097644282368        200.00000000000000     
   18.587242753767168        64.388097644282368        200.00000000000000     
   27.880864130650750        64.388097644282368        200.00000000000000     
   37.174485507534335        64.388097644282368        200.00000000000000     
   46.468106884417921        64.388097644282368        200.00000000000000     
   55.761728261301506        64.388097644282368        200.00000000000000     
   65.055349638185092        64.388097644282368        200.00000000000000     
   74.348971015068670        64.388097644282368        200.00000000000000     
   83.642592391952249        64.388097644282368        200.00000000000000     
   92.936213768835827        64.388097644282368        200.00000000000000     
   4.6468106884417919        72.436609849817671        200.00000000000000     
   13.940432065325375        72.436609849817671        200.00000000000000     
   23.234053442208960        72.436609849817671        200.00000000000000     
   32.527674819092546        72.436609849817671        200.00000000000000     
   41.821296195976132        72.436609849817671        200.00000000000000     
   51.114917572859717        72.436609849817671        200.00000000000000     
   60.408538949743303        72.436609849817671        200.00000000000000     
   69.702160326626881        72.436609849817671        200.00000000000000     
   78.995781703510460        72.436609849817671        200.00000000000000     
   88.289403080394038        72.436609849817671        200.00000000000000     
   97.583024457277617        72.436609849817671        200.00000000000000     
   0.0000000000000000        80.485122055352974        200.00000000000000     
   9.2936213768835838        80.485122055352974        200.00000000000000     
   18.587242753767168        80.485122055352974        200.00000000000000     
   27.880864130650750        80.485122055352974        200.00000000000000     
   37.174485507534335        80.485122055352974        200.00000000000000     
   46.468106884417921        80.485122055352974        200.00000000000000     
   55.761728261301506        80.485122055352974        200.00000000000000     
   65.055349638185092        80.485122055352974        200.00000000000000     
   74.348971015068670        80.485122055352974        200.00000000000000     
   83.642592391952249        80.485122055352974        200.00000000000000     
   92.936213768835827        80.485122055352974        200.00000000000000     
   4.6468106884417919        88.533634260888277        200.00000000000000     
   13.940432065325375        88.533634260888277        200.00000000000000     
   23.234053442208960        88.533634260888277        200.00000000000000     
   32.527674819092546        88.533634260888277        200.00000000000000     
   41.821296195976132        88.533634260888277        200.00000000000000     
   51.114917572859717        88.533634260888277        200.00000000000000     
   60.408538949743303        88.533634260888277        200.00000000000000     
   69.702160326626881        88.533634260888277        200.00000000000000     
   78.995781703510460        88.533634260888277        200.00000000000000     
   88.289403080394038        88.533634260888277        200.00000000000000     
   97.583024457277617        88.533634260888277        200.00000000000000     
   0.0000000000000000        96.582146466423580        200.00000000000000     
   9.2936213768835838        96.582146466423580        200.00000000000000     
   18.587242753767168        96.582146466423580        200.00000000000000     
   27.880864130650750        96.582146466423580        200.00000000000000     
   37.174485507534335        96.582146466423580        200.00000000000000     
   46.468106884417921        96.582146466423580        200.00000000000000     
   55.761728261301506        96.582146466423580        200.00000000000000     
   65.055349638185092        96.582146466423580        200.00000000000000     
   74.348971015068670        96.582146466423580        200.00000000000000     
   83.642592391952249        96.582146466423580        200.00000000000000     
   92.936213768835827        96.582146466423580        200.00000000000000     
